8
13 27
0 1
1 2
1 5
1 7
1 8
2 3
2 5
2 8
3 4
3 5
3 6
3 8
4 6
4 10
5 6
5 7
6 9
6 10
6 11
6 12
7 8
8 9
8 11
9 10
9 12
10 12
11 12
20 21
6 9
3 10
0 4
3 13
7 17
0 1
2 19
5 16
5 6
2 11
0 18
9 14
7 9
9 15
3 16
8 15
6 18
4 7
16 19
12 15
7 19
2 1
0 1
3 3
2 3
3 4
4 2
100 99
99 98
99 97
99 96
99 95
99 94
99 93
99 92
99 91
99 90
99 89
99 88
99 87
99 86
99 85
99 84
99 83
99 82
99 81
99 80
99 79
99 78
99 77
99 76
99 75
99 74
99 73
99 72
99 71
99 70
99 69
99 68
99 67
99 66
99 65
99 64
99 63
99 62
99 61
99 60
99 59
99 58
99 57
99 56
99 55
99 54
99 53
99 52
99 51
99 50
99 49
99 48
99 47
99 46
99 45
99 44
99 43
99 42
99 41
99 40
99 39
99 38
99 37
99 36
99 35
99 34
99 33
99 32
99 31
99 30
99 29
99 28
99 27
99 26
99 25
99 24
99 23
99 22
99 21
99 20
99 19
99 18
99 17
99 16
99 15
99 14
99 13
99 12
99 11
99 10
99 9
99 8
99 7
99 6
99 5
99 4
99 3
99 2
99 1
99 0
100 165
0 1
2 98
86 87
92 99
13 98
27 98
53 99
56 57
64 99
69 99
0 2
43 98
56 99
67 99
74 99
92 93
94 99
34 98
38 98
48 49
96 97
17 98
22 98
24 26
30 98
33 98
42 44
9 11
19 98
39 40
71 72
96 99
29 98
30 31
47 98
49 98
51 52
54 99
53 54
59 99
68 69
16 98
7 98
14 98
28 98
50 51
59 60
70 99
93 99
41 98
54 55
60 61
75 76
20 98
33 35
8 98
26 98
30 32
65 66
66 67
86 99
88 99
1 98
46 98
72 73
27 28
44 98
60 99
61 99
87 88
31 98
57 99
63 99
71 99
74 75
89 90
9 98
18 98
18 20
58 99
75 99
82 99
84 99
6 98
15 16
36 37
62 63
80 99
0 98
10 98
36 98
45 47
69 70
73 99
91 99
98 99
4 98
12 98
15 17
21 98
40 98
48 98
62 99
81 99
95 99
97 99
3 4
45 46
11 98
25 98
32 98
39 98
45 98
55 99
85 99
93 94
21 23
23 98
27 29
33 34
42 43
78 79
3 98
12 14
24 25
37 98
51 99
78 99
80 81
83 99
35 98
48 50
66 99
68 99
77 99
3 5
6 7
50 99
76 99
79 99
81 82
89 99
6 8
15 98
72 99
77 78
95 96
18 19
39 41
87 99
5 98
42 98
63 64
9 10
12 13
65 99
83 84
90 91
21 22
24 98
36 38
52 99
57 58
84 85
90 99
100 2000
33 53
19 34
43 60
7 38
68 94
50 99
21 47
79 98
22 85
1 73
88 93
10 76
0 44
22 36
26 37
18 45
11 53
23 73
38 82
78 94
36 47
59 80
8 76
22 93
13 95
2 47
46 52
0 9
57 99
0 56
34 96
37 89
62 79
1 39
36 46
73 95
10 59
20 38
2 78
4 42
14 23
9 29
8 72
35 45
23 43
29 71
33 89
79 89
43 67
6 82
85 96
43 95
43 52
3 76
0 26
21 55
33 85
38 47
17 76
11 61
6 18
44 63
10 61
51 94
53 77
10 38
58 66
0 46
63 90
10 28
50 57
26 98
31 69
25 72
16 72
42 91
9 45
3 4
14 83
1 75
31 55
25 75
7 74
32 63
89 94
28 78
3 27
25 30
29 52
22 89
21 97
72 86
78 79
20 76
7 69
28 32
35 78
75 77
81 98
42 48
39 57
46 63
46 99
28 86
0 86
25 92
40 59
13 57
5 93
73 77
44 85
25 44
12 86
27 69
15 42
53 87
22 75
77 96
4 43
65 84
42 45
0 10
23 76
5 95
22 73
66 79
11 17
6 73
39 58
40 77
21 79
61 82
2 17
23 89
19 99
6 84
59 92
62 70
6 16
5 77
51 79
62 99
86 95
72 87
17 77
30 74
52 82
84 88
25 82
21 46
16 60
1 46
31 40
1 72
13 28
22 86
6 70
7 8
18 28
42 62
29 56
70 92
4 67
7 70
14 22
43 61
69 71
11 14
29 57
16 19
38 61
6 81
64 71
81 97
66 99
0 71
37 39
49 89
9 48
51 95
25 68
1 14
11 30
60 81
1 12
24 88
48 75
13 94
4 50
33 78
7 59
18 34
43 64
7 46
38 76
10 21
18 67
58 99
34 75
21 51
51 62
28 72
8 34
3 12
50 66
81 86
11 67
5 21
2 75
83 93
57 72
24 82
24 37
0 29
20 32
44 98
96 99
66 90
25 57
26 97
22 96
32 79
36 52
18 26
16 29
77 81
11 92
58 70
9 50
12 65
22 47
59 75
8 62
3 74
35 67
81 96
47 89
43 46
19 74
75 89
31 36
29 70
67 95
37 94
9 18
56 84
33 48
31 70
21 34
64 67
38 80
4 81
43 54
31 34
19 76
13 17
47 83
52 64
36 79
37 71
41 88
36 60
28 39
13 77
8 32
8 12
20 92
2 23
19 56
49 93
5 22
13 87
24 86
1 24
70 74
23 55
78 80
2 14
75 90
15 57
14 88
33 42
4 35
7 57
71 94
43 87
70 76
39 48
22 99
44 90
28 82
60 75
27 85
20 83
23 24
15 37
37 50
55 95
65 92
8 36
38 89
39 72
30 90
55 77
52 60
4 75
40 67
6 28
49 50
18 24
24 39
21 27
68 90
61 64
5 13
34 60
23 77
48 62
45 64
24 51
34 42
45 88
82 89
35 93
15 43
1 77
49 55
19 89
26 45
12 61
58 64
28 35
22 63
36 40
18 70
11 40
39 97
68 69
46 91
25 60
40 57
11 75
53 81
36 85
45 94
13 66
28 85
46 68
49 78
11 26
21 95
74 82
32 68
36 95
42 96
17 95
34 72
72 82
18 68
56 61
42 72
0 43
6 43
65 78
52 67
1 35
3 83
30 34
19 82
64 65
10 90
55 72
28 79
88 97
39 42
6 68
40 97
3 87
29 34
87 98
51 96
22 55
68 71
15 72
19 62
35 47
9 91
8 48
35 89
8 81
72 95
46 75
45 95
10 54
17 50
56 97
88 92
3 79
56 67
92 93
57 95
0 51
8 60
17 46
64 77
1 76
94 98
16 50
23 29
13 58
6 98
66 84
49 65
36 67
20 31
59 76
62 96
9 42
46 92
0 47
3 78
16 40
30 96
0 38
1 85
53 56
81 88
48 90
22 56
55 86
22 23
6 76
18 44
9 83
7 93
65 70
39 99
65 72
53 70
22 74
22 68
9 58
34 91
47 94
55 63
13 46
21 60
11 90
46 79
37 95
55 57
27 50
9 53
65 98
38 93
18 30
6 10
49 69
56 87
44 67
40 41
43 69
10 47
36 86
32 42
53 93
35 56
33 36
2 49
33 92
72 80
2 30
15 71
50 81
74 86
28 95
42 87
8 16
26 69
33 37
44 62
22 24
34 69
11 56
35 70
8 25
23 42
51 82
10 27
2 94
44 56
62 84
14 46
25 91
66 76
1 25
6 53
32 54
25 55
36 63
66 69
11 59
5 96
12 47
47 69
75 76
38 75
26 92
18 46
19 97
18 83
26 28
27 42
50 83
10 35
4 45
26 90
29 58
8 38
81 90
62 72
80 91
96 98
12 55
4 60
7 43
35 76
35 53
26 64
62 69
4 68
29 94
8 90
33 56
30 53
14 97
13 22
43 86
79 83
1 31
19 48
51 68
62 85
15 52
5 98
60 90
7 25
58 88
4 49
17 65
12 52
12 73
4 28
1 8
1 83
48 64
0 32
66 86
65 73
39 52
71 99
73 98
73 76
54 98
27 30
30 68
2 39
26 86
50 90
39 79
29 64
16 32
14 27
21 88
12 39
11 71
15 23
57 83
56 98
36 57
3 73
37 80
43 88
66 96
79 88
60 78
8 79
64 80
59 86
4 30
65 68
25 31
29 48
7 31
9 89
4 23
34 38
10 94
40 54
16 34
55 69
30 51
39 91
34 97
33 98
70 80
61 75
47 55
0 80
9 14
44 68
8 9
18 73
4 15
0 21
40 73
40 74
72 83
2 20
58 81
41 55
47 70
14 31
33 46
0 82
14 73
19 95
63 92
0 17
17 36
31 81
26 88
14 24
39 71
55 66
2 87
57 82
20 49
61 87
76 78
81 94
50 79
13 65
7 15
51 58
68 73
4 98
43 55
30 81
15 75
23 45
23 72
23 96
35 48
13 27
75 86
30 83
57 91
49 52
63 83
23 90
29 72
44 92
20 79
10 20
82 96
3 20
5 46
15 69
25 54
19 38
34 41
24 57
24 53
6 74
22 37
11 82
22 40
36 82
50 78
9 71
19 31
62 80
14 91
50 65
23 68
9 67
9 55
29 55
23 46
14 47
12 28
26 79
20 43
8 10
7 27
17 48
4 69
63 65
68 70
12 42
3 58
16 68
15 29
6 44
58 60
51 81
40 69
27 54
30 42
13 85
14 71
25 26
54 73
13 99
19 64
37 46
16 36
1 18
49 53
40 58
8 45
60 73
33 95
47 65
26 91
21 80
15 93
9 77
14 25
6 56
20 46
29 45
51 73
2 95
17 59
11 18
39 60
30 62
55 97
8 66
0 78
35 62
15 30
32 64
24 73
45 67
23 50
24 79
40 60
84 91
19 61
25 86
67 83
35 59
84 96
3 35
36 37
86 87
94 96
45 58
28 68
48 84
19 68
37 74
13 25
33 88
4 32
75 79
39 93
63 70
70 73
1 68
66 89
10 14
14 58
23 61
31 96
93 94
50 53
54 74
6 87
69 98
60 98
49 85
33 70
7 50
24 81
3 65
12 58
67 86
58 76
2 58
77 99
50 91
16 82
22 30
8 97
63 80
6 85
28 44
22 39
11 97
5 74
5 6
31 42
30 69
61 86
52 71
45 53
36 48
69 72
22 81
33 35
90 95
45 89
3 80
53 66
52 81
43 78
2 51
28 92
4 72
6 12
42 49
19 30
0 94
53 84
41 56
67 93
67 96
41 50
19 20
42 51
27 47
65 94
40 50
17 40
48 63
36 80
41 77
11 99
15 86
26 50
44 87
1 91
51 69
0 35
54 66
66 98
84 97
64 86
29 78
58 82
9 92
19 42
14 72
76 92
1 40
33 38
52 69
43 62
20 24
42 95
57 93
50 51
68 95
15 48
28 93
2 68
5 10
18 54
38 73
8 51
34 81
27 66
30 92
43 57
84 94
40 66
43 58
37 98
16 90
33 41
15 55
25 41
11 36
3 98
60 88
5 41
79 90
43 84
3 51
75 92
5 9
34 86
28 40
18 82
37 92
30 79
22 62
47 71
33 52
3 53
8 59
36 45
16 98
39 86
17 31
22 46
52 88
52 78
63 81
35 88
38 88
26 55
22 84
7 26
12 36
41 60
78 91
58 91
20 84
8 98
28 66
66 81
1 99
21 68
24 30
6 25
39 78
4 5
64 79
25 56
7 61
10 96
66 91
21 52
60 67
58 79
18 39
44 77
11 69
69 93
1 94
12 20
53 68
39 89
24 43
2 61
71 97
26 38
43 68
38 85
15 70
24 93
16 55
34 83
23 51
35 79
50 98
51 90
34 48
1 78
7 12
32 35
11 68
63 93
59 60
33 61
42 97
53 75
48 93
61 63
5 62
65 83
66 78
47 73
17 99
61 85
45 76
26 84
9 65
63 79
50 95
19 28
34 61
63 77
70 72
9 27
52 59
9 46
57 63
64 98
83 89
28 62
27 70
7 54
57 79
67 89
32 93
19 49
39 53
72 75
82 88
10 60
4 39
5 87
11 70
17 90
42 92
58 85
41 74
34 57
11 13
32 72
63 72
17 66
90 97
22 50
21 71
45 55
19 43
55 62
0 89
65 89
48 54
17 72
44 81
5 52
19 23
26 44
28 89
70 83
24 68
3 26
1 34
20 88
23 44
3 50
18 57
21 84
56 81
76 81
18 96
65 99
34 50
20 64
22 48
15 84
69 87
23 65
67 94
75 99
11 81
51 75
84 99
38 83
48 56
9 38
81 83
43 97
87 95
32 99
16 62
33 72
22 57
1 28
54 96
15 61
19 90
7 72
35 69
60 80
42 63
13 26
15 41
46 97
12 62
23 82
81 95
2 19
16 86
16 30
78 81
9 52
0 55
24 84
9 41
40 75
19 54
1 23
57 94
13 55
15 81
38 99
63 99
14 63
2 56
8 93
11 73
26 34
58 62
32 92
84 90
44 64
14 85
17 34
23 35
31 45
71 85
33 84
51 72
2 81
36 50
48 94
10 66
38 40
76 85
40 53
10 73
24 70
14 75
17 68
19 88
44 84
25 71
33 82
18 51
60 76
40 98
76 79
58 96
46 56
84 86
43 91
79 96
40 82
63 88
27 46
6 89
0 24
95 97
31 95
20 80
37 82
29 99
52 90
27 96
9 97
25 61
47 74
32 78
45 83
60 83
10 44
37 68
27 98
39 50
4 62
18 33
49 84
6 38
61 91
38 86
36 39
23 88
83 91
56 69
9 33
16 17
3 21
30 94
26 41
24 77
62 86
31 92
29 32
37 49
30 44
23 99
17 97
10 11
32 34
35 83
5 80
32 95
26 87
21 48
17 62
7 83
57 60
89 90
88 99
83 98
75 82
61 70
38 63
13 60
80 92
16 70
18 52
23 60
6 41
47 62
52 86
47 58
26 70
13 30
12 97
15 32
28 60
19 35
26 85
24 62
33 77
32 49
44 49
23 69
9 78
24 99
88 95
21 74
31 64
6 19
28 70
10 25
22 43
44 53
2 8
7 48
1 42
41 58
17 44
7 20
0 92
30 38
2 7
20 72
14 20
21 72
65 90
24 85
40 83
6 97
4 13
41 48
11 20
18 32
18 76
23 74
54 70
17 25
62 92
63 94
77 80
9 35
72 94
89 99
16 20
54 84
18 25
2 69
38 54
18 86
35 39
15 33
55 74
46 47
24 80
11 52
3 59
61 79
46 65
20 42
17 94
43 90
12 99
12 29
1 15
43 85
92 99
0 12
25 94
25 38
62 97
59 95
67 85
65 71
43 83
80 99
46 66
11 91
66 92
27 95
42 58
86 90
55 70
76 82
15 68
30 91
6 11
50 62
32 69
0 1
4 70
71 93
10 72
26 78
68 74
0 8
30 87
62 88
34 65
53 57
19 66
8 54
3 95
39 56
19 83
34 92
32 33
58 92
67 81
11 54
67 97
50 76
29 85
23 71
17 58
91 99
56 63
27 55
24 98
45 96
66 68
46 78
38 59
7 35
9 61
5 79
49 72
40 49
44 69
50 82
87 97
65 88
55 78
8 82
35 66
34 46
2 34
15 66
52 96
12 51
22 53
1 9
64 75
38 92
37 60
15 36
65 77
5 34
57 59
28 73
63 89
59 82
16 41
6 66
49 90
15 51
14 95
18 71
21 24
10 97
53 98
36 72
74 94
19 55
37 84
33 71
0 77
24 42
5 63
67 74
0 13
47 49
7 90
5 84
31 72
56 83
4 54
66 93
35 51
38 81
39 64
49 86
3 19
3 88
51 77
72 85
47 82
42 50
50 93
39 46
2 72
4 82
58 94
64 84
51 76
7 94
16 48
29 65
30 84
33 80
0 83
20 30
21 28
4 8
1 63
3 91
15 60
13 76
83 84
42 69
11 98
90 92
61 88
4 58
2 64
71 83
45 98
59 85
19 85
72 76
6 29
69 77
63 69
45 63
23 47
0 16
26 54
23 56
0 34
19 91
32 43
51 87
5 89
25 69
12 23
31 90
41 63
47 53
20 53
36 94
76 87
75 80
34 78
39 47
20 63
76 77
47 68
23 95
62 81
7 11
28 58
33 43
55 92
75 83
38 87
6 30
38 42
24 27
2 52
5 11
39 74
65 75
0 93
74 90
65 95
5 48
8 69
11 32
19 73
12 48
63 96
5 68
25 53
25 99
54 65
0 61
41 67
18 59
14 62
3 86
9 11
5 88
0 63
10 64
52 80
61 94
38 60
20 89
6 35
2 6
61 76
69 80
40 70
82 92
58 72
65 93
5 38
31 37
37 79
38 45
12 83
19 36
79 97
13 91
36 99
38 79
32 51
15 50
63 86
37 81
87 91
66 72
27 64
55 99
56 72
4 89
30 54
54 88
43 59
83 99
4 73
21 70
29 68
31 53
50 73
59 87
92 97
3 52
34 82
19 41
31 58
69 88
70 98
41 96
58 78
40 52
48 87
38 78
37 72
7 80
28 67
53 89
44 80
72 84
42 52
33 96
34 89
32 75
38 46
23 70
5 23
31 54
13 62
14 90
10 80
7 76
7 9
14 26
69 75
5 76
13 89
43 80
39 73
19 52
8 47
60 97
8 31
72 96
4 91
16 39
4 27
72 89
18 62
0 19
93 98
25 84
35 57
78 87
45 46
35 64
65 81
26 39
54 90
13 84
44 78
40 81
4 47
21 59
13 50
70 95
13 70
54 62
56 90
15 83
9 81
55 82
52 76
19 75
9 31
67 71
13 78
11 12
35 58
29 31
43 45
46 77
54 78
7 24
34 45
7 79
60 62
94 99
25 88
8 49
56 88
27 63
53 63
1 59
25 80
53 78
9 80
18 42
26 36
50 61
69 83
69 92
7 13
4 84
59 71
4 14
37 99
2 62
75 88
60 82
68 89
33 65
3 16
36 90
18 63
13 42
54 82
1 37
54 95
20 58
13 92
47 56
30 35
38 48
63 85
19 46
23 67
41 92
36 93
45 99
76 80
24 69
22 95
2 83
18 91
37 78
3 63
48 53
79 93
21 83
31 39
72 97
55 88
23 80
34 98
24 64
26 59
18 64
45 92
1 2
24 96
17 24
21 87
20 95
29 36
13 68
18 37
57 80
5 42
74 99
30 56
10 57
27 97
68 91
87 93
9 54
55 93
23 28
20 81
28 52
19 37
29 69
18 20
37 55
44 99
12 85
58 90
79 99
2 55
6 40
40 84
80 86
44 72
42 86
63 73
16 28
13 18
26 71
12 35
62 71
85 95
0 99
10 49
29 98
11 76
48 65
29 39
86 88
42 88
26 74
30 32
29 93
10 30
59 94
47 93
27 32
40 99
15 67
58 61
5 24
18 49
4 63
91 95
4 64
2 63
5 17
16 35
27 79
60 61
27 87
54 61
20 65
21 89
27 92
32 70
46 50
53 82
25 34
5 90
7 21
32 87
50 74
17 29
11 15
42 80
40 51
50 54
51 70
28 97
2 93
30 59
39 45
43 49
8 17
10 95
32 74
44 61
0 18
49 91
86 91
16 69
11 96
3 69
3 6
10 48
5 28
59 99
10 17
2 40
41 51
69 99
7 96
48 50
2 16
3 89
2 38
9 68
31 50
18 72
39 92
79 86
19 80
15 39
1 7
68 99
17 33
1 89
35 99
54 64
0 72
1 81
24 59
4 78
60 77
5 53
64 73
37 90
44 83
7 78
39 94
19 65
46 72
44 71
80 81
56 68
13 69
24 60
5 59
19 33
15 63
42 66
4 61
38 84
52 54
51 52
44 57
5 66
4 51
5 8
40 56
13 80
16 71
52 92
24 92
2 18
25 90
15 88
11 94
21 32
42 77
30 63
72 78
78 96
34 51
38 72
16 95
54 55
16 54
23 98
18 78
0 66
47 98
51 67
13 52
10 58
25 32
35 38
18 77
37 58
7 51
42 94
22 31
7 55
70 87
33 50
10 79
26 99
22 26
5 30
76 86
2 3
76 89
49 79
20 34
26 49
0 42
23 58
2 46
2 41
31 56
14 45
3 94
59 77
85 90
33 40
18 90
40 62
30 70
58 74
18 43
50 68
2 27
61 95
73 85
56 94
22 69
18 88
6 58
34 67
2 43
30 78
15 90
11 37
2 88
55 85
40 46
17 92
42 75
52 94
20 45
63 98
33 64
3 48
0 70
14 57
23 27
18 29
74 79
77 95
44 82
12 92
21 54
14 54
10 36
93 96
64 90
31 77
8 21
0 64
10 43
89 95
12 46
6 24
17 73
34 49
21 92
60 72
39 69
33 45
9 56
30 40
14 70
70 96
37 45
17 87
85 86
63 91
7 98
32 86
83 87
94 97
71 76
87 89
24 87
59 74
50 77
2 82
53 99
70 93
23 93
36 54
46 58
55 61
12 79
59 81
41 72
20 44
52 98
81 87
91 98
43 63
4 90
59 73
33 79
45 73
61 98
7 33
16 38
6 34
11 51
40 76
90 1263
62 96
78 89
34 38
31 41
94 97
7 27
13 40
16 20
69 76
90 96
59 63
93 98
87 92
10 36
26 32
19 43
24 27
77 83
1 36
78 86
5 43
17 27
55 81
20 40
6 19
1 9
14 43
66 93
57 90
55 65
12 30
37 41
5 36
74 87
63 92
32 36
8 38
11 38
11 42
63 70
70 72
67 84
10 32
0 37
3 25
89 92
63 88
74 78
18 44
8 11
69 84
85 90
19 21
21 23
25 27
11 15
73 89
2 5
12 13
60 78
17 31
28 35
66 82
29 38
36 38
26 27
62 69
26 29
71 91
61 63
87 99
86 95
13 19
2 39
62 90
68 98
58 69
56 61
9 40
63 90
88 93
62 65
7 33
7 17
66 86
1 21
22 28
71 83
12 42
16 36
19 25
7 34
58 77
79 83
1 7
12 21
68 70
57 73
15 25
84 87
78 81
57 98
3 13
3 36
23 31
68 94
0 33
60 91
62 98
16 27
16 29
65 91
68 84
14 27
4 15
39 42
77 95
20 37
4 29
16 32
15 23
10 34
58 61
4 23
15 44
9 44
58 82
2 19
58 88
0 21
57 92
5 26
68 79
14 38
9 24
8 17
1 22
11 36
3 7
78 79
21 44
63 86
62 91
28 41
15 40
19 23
17 24
57 69
67 91
17 41
58 66
71 75
77 82
1 19
61 68
35 44
59 78
22 27
77 89
59 62
6 17
31 43
16 40
28 98
32 37
59 61
24 36
69 96
23 44
74 99
66 87
91 99
4 41
8 32
61 70
70 91
4 12
89 90
66 84
62 73
64 83
27 28
11 33
85 98
22 37
57 95
75 91
30 33
64 71
21 38
63 64
3 34
28 33
76 82
86 94
77 85
15 30
84 93
9 42
15 17
83 85
89 97
9 23
1 42
63 67
64 95
58 97
30 37
1 30
75 93
9 29
66 89
20 43
5 16
21 41
58 86
5 23
27 40
24 43
81 95
11 44
2 18
78 98
57 88
21 24
65 77
58 80
67 73
69 79
66 83
36 44
0 30
74 88
23 38
72 86
66 72
4 31
61 89
5 31
90 93
12 31
78 83
55 63
2 41
72 78
60 74
68 89
67 89
70 86
92 99
75 81
6 36
22 25
57 80
64 87
75 94
65 71
42 43
86 89
74 92
13 28
72 73
7 26
22 42
37 44
72 82
38 44
57 67
25 26
76 88
56 99
18 22
70 76
33 42
16 37
59 76
22 24
28 88
64 78
61 64
12 14
7 13
70 81
0 71
27 36
3 23
2 24
55 70
28 38
55 84
6 31
63 80
73 83
57 58
2 35
15 19
69 95
75 77
55 79
11 40
61 67
15 41
17 21
78 90
68 86
98 99
14 42
94 99
29 32
32 43
34 36
32 40
16 39
14 32
61 62
66 74
21 40
57 77
5 28
87 89
64 97
18 26
25 30
23 29
68 93
11 21
75 92
9 35
73 88
2 40
74 77
73 82
4 11
4 19
78 92
28 31
33 39
13 15
24 42
19 26
5 14
77 93
1 11
41 42
71 77
57 66
59 88
20 38
15 36
84 88
80 82
24 26
64 69
77 96
21 33
8 29
18 23
61 91
76 81
5 27
0 25
60 92
59 96
61 74
34 35
6 13
1 39
16 31
77 88
70 73
81 99
24 28
2 33
58 95
61 79
2 31
64 82
82 87
20 21
5 32
68 77
57 65
57 84
17 20
89 96
56 84
14 17
23 42
6 22
10 18
18 28
17 40
12 17
19 29
14 19
12 20
33 36
63 79
4 18
65 99
27 31
72 87
6 18
56 86
85 95
16 30
0 19
28 36
57 86
70 88
24 30
15 26
3 44
7 8
29 39
57 60
22 36
13 30
3 6
10 43
74 75
91 96
65 83
80 99
72 89
72 98
22 62
70 95
5 38
12 36
85 91
60 82
43 95
56 71
56 59
17 19
10 28
25 38
71 73
56 93
67 72
13 22
18 19
56 89
18 34
6 16
69 73
22 33
7 35
18 25
4 13
76 79
5 19
0 20
75 99
79 81
62 71
69 75
68 85
21 43
26 38
56 60
11 28
60 86
1 44
57 79
0 34
10 33
73 97
17 39
71 79
9 25
31 44
56 75
55 61
81 96
68 75
59 84
21 26
4 32
31 36
39 40
11 24
62 70
12 44
13 35
59 80
7 12
67 83
72 99
58 93
28 32
34 40
16 41
87 91
16 21
73 78
21 28
82 99
58 78
12 33
27 35
7 20
34 43
8 16
90 97
26 43
3 32
77 99
65 75
3 40
66 91
9 14
2 20
55 66
66 81
83 90
59 89
29 36
65 67
64 72
77 78
6 8
81 83
76 92
7 10
5 24
0 40
20 30
26 39
28 42
79 84
26 42
65 68
9 37
15 27
65 85
2 25
60 95
84 92
80 90
1 4
55 62
62 72
8 33
66 97
59 67
24 39
75 82
23 36
2 32
10 44
59 86
0 9
58 84
88 99
60 63
7 25
65 79
55 76
56 68
59 85
58 64
79 80
57 74
21 34
55 78
32 44
65 69
30 34
61 65
2 6
59 87
10 37
19 27
29 35
43 44
0 12
1 35
3 35
30 41
94 98
56 94
76 98
12 18
67 78
15 22
69 77
24 34
59 90
82 86
27 43
1 25
31 34
23 33
70 83
69 71
23 27
62 63
80 86
55 95
19 35
82 97
19 44
62 88
1 29
84 94
58 71
2 11
63 69
60 77
0 15
1 5
6 14
62 93
68 71
76 77
92 98
6 39
8 10
59 83
64 73
6 26
81 91
70 85
18 31
16 24
76 95
85 97
59 73
55 59
22 44
13 38
86 96
60 84
4 21
8 44
58 98
72 90
5 6
7 9
4 22
69 88
14 22
24 40
58 90
39 41
73 95
27 33
4 39
57 91
64 85
2 13
1 34
7 24
7 36
83 87
60 73
74 84
12 39
61 77
20 39
33 35
10 23
67 90
75 80
19 20
17 23
1 3
15 31
86 92
61 88
10 38
3 5
72 83
23 43
87 90
68 88
93 99
72 84
80 87
5 13
18 27
1 6
7 22
96 97
24 29
15 21
76 91
33 43
57 81
57 59
17 28
65 70
65 97
13 27
78 95
57 75
65 95
13 14
5 40
57 78
67 77
1 37
2 44
13 34
57 97
80 97
55 80
55 86
78 84
68 99
88 91
71 74
34 39
85 99
19 22
3 43
18 40
13 29
16 38
76 90
65 72
64 81
3 59
1 26
55 73
6 33
85 88
79 89
5 18
18 20
55 88
56 76
26 36
6 28
63 83
60 93
13 37
13 25
55 56
0 16
13 21
59 70
0 6
72 96
75 89
5 42
71 85
74 86
59 91
78 85
27 39
6 23
59 92
34 44
59 94
4 20
62 75
65 73
20 44
73 79
56 73
74 80
83 94
0 27
38 41
60 81
71 93
0 29
69 85
10 21
70 97
3 24
8 30
62 79
60 70
25 37
55 96
25 29
20 32
75 95
55 83
6 15
5 17
55 77
55 98
18 30
69 82
3 16
66 70
20 36
16 35
8 9
66 98
4 25
20 35
65 94
13 18
11 43
67 96
0 10
19 40
67 79
11 18
86 98
8 21
78 80
75 79
87 94
69 86
11 23
56 88
13 43
2 4
14 31
41 43
11 19
56 70
5 34
74 82
8 42
58 89
66 90
21 35
11 29
73 98
12 23
5 12
73 90
71 81
58 79
81 82
61 75
19 93
61 92
18 21
67 80
74 89
14 18
62 77
64 91
80 96
55 89
24 35
91 92
4 26
7 23
75 85
55 57
7 29
82 85
23 30
66 99
24 38
11 32
25 41
10 39
89 94
81 85
63 65
90 99
69 74
37 43
10 42
63 96
68 76
84 98
92 96
7 19
6 34
11 41
59 72
60 61
5 44
70 87
86 97
83 95
31 38
21 29
6 40
66 92
10 35
72 92
85 87
9 28
16 25
27 29
16 33
40 41
76 96
20 24
12 16
63 74
22 29
63 72
38 40
10 19
31 33
61 71
6 9
31 35
29 41
38 42
62 89
13 39
83 99
62 80
59 68
66 80
70 78
63 95
61 73
6 35
3 31
26 44
56 96
58 62
80 98
7 42
25 33
68 82
9 31
12 32
3 41
25 40
9 20
1 43
17 44
20 34
19 31
28 40
61 94
8 15
11 22
8 12
5 10
17 38
21 25
61 99
73 91
74 94
36 41
20 25
28 44
15 39
67 76
63 87
63 84
73 86
74 90
7 30
1 2
10 14
82 90
0 11
9 43
73 81
60 67
71 95
31 40
89 91
67 68
56 78
1 23
93 97
29 42
61 93
60 80
36 40
5 21
5 20
5 25
64 77
96 99
61 84
68 73
66 71
75 88
2 8
25 36
18 35
1 24
75 97
9 26
14 21
22 31
81 97
56 90
70 98
56 85
58 87
16 18
89 99
41 44
20 41
7 28
12 22
29 40
60 64
68 83
12 28
75 76
81 87
69 80
63 93
78 82
17 26
69 92
78 93
19 36
20 23
34 37
85 92
12 67
83 84
75 96
15 32
12 15
4 44
56 91
35 42
14 15
26 30
64 67
7 16
8 20
61 85
82 96
79 88
64 84
29 44
31 32
1 10
87 98
81 88
55 75
67 92
70 96
18 38
3 30
77 91
62 86
30 43
74 97
1 20
0 24
97 98
24 37
70 84
62 78
65 90
2 28
9 34
80 81
56 65
64 99
13 36
29 34
59 93
10 16
66 88
66 77
83 89
17 33
68 92
43 58
6 42
68 72
14 28
9 18
63 76
60 79
6 32
17 30
20 26
61 97
62 66
86 90
2 23
71 82
66 67
9 27
87 88
12 24
2 38
91 95
56 63
12 43
55 74
60 72
30 32
67 86
58 92
15 20
20 22
55 71
57 72
88 89
65 80
58 73
63 89
64 66
25 35
25 42
57 99
23 28
12 25
67 81
61 83
60 97
0 18
72 74
57 83
15 34
71 78
60 62
30 40
14 40
14 44
70 82
5 11
56 72
64 92
6 24
9 41
71 94
59 66
1 18
64 68
14 34
3 38
76 93
57 82
5 9
1 12
3 11
69 91
74 85
88 95
6 25
59 75
62 92
63 81
64 76
71 89
71 72
73 96
4 14
26 41
10 30
8 18
58 81
23 35
58 76
62 74
10 22
68 81
17 36
69 93
55 94
24 31
77 84
40 44
7 39
13 16
35 37
27 34
0 2
9 22
8 40
57 70
67 93
13 33
8 34
70 89
62 64
62 97
60 75
23 25
10 20
80 88
10 25
16 42
27 32
57 63
5 33
62 68
28 43
82 94
57 94
65 92
8 31
18 37
72 79
79 87
84 96
3 39
18 42
23 24
11 20
72 91
16 28
82 84
8 41
40 43
30 38
42 44
79 90
79 85
14 16
64 96
72 80
3 21
13 26
78 99
60 98
39 43
26 37
5 22
67 74
12 19
32 84
3 8
82 83
80 95
69 72
15 42
74 79
56 92
69 90
65 78
57 61
14 33
13 24
88 98
89 93
70 90
2 3
86 99
85 93
59 65
21 30
9 11
7 40
37 39
59 81
11 35
79 82
4 17
18 29
90 94
30 31
0 4
70 94
58 63
21 39
1 27
9 39
35 36
28 37
71 97
9 33